1.959  0.029
1.832  0.031
1.798  0.035
1.745  0.039
1.674  0.042
1.695  0.045
1.711  0.047
1.549  0.046
1.491  0.049
1.397  0.049
1.344  0.051
1.305  0.053
1.323  0.056
1.268  0.060
1.300  0.066
1.129  0.068
1.081  0.074
1.074  0.087
1.057  0.092
1.081  0.108
0.814  0.124
0.899  0.142
0.978  0.187
0.580  0.199
0.805  0.299 
0.927  0.022
0.916  0.026
0.908  0.031
0.866  0.037
0.838  0.041
0.807  0.044
0.747  0.046
0.662  0.048
0.687  0.056
0.676  0.059
0.730  0.063
0.602  0.061
0.468  0.058
0.477  0.060
0.542  0.064
0.535  0.069
0.466  0.068
0.521  0.078
0.506  0.085
0.347  0.085
0.149  0.093
0.257  0.114
0.593  0.180
0.536  0.222
0.250  0.25
